              precision     recall   f1-score    support

        Left     1.0000     0.8571     0.9231         14
        Rest     0.5000     0.3333     0.4000          3
       Right     0.3333     0.5000     0.4000          2
  fist_close     0.0000     0.0000     0.0000          1
           p     0.5000     1.0000     0.6667          1
           q     0.0000     0.0000     0.0000          1
           w     0.3333     1.0000     0.5000          1
           z     1.0000     1.0000     1.0000          1

    accuracy                           0.7083         24
   macro avg     0.4583     0.5863     0.4862         24
weighted avg     0.7500     0.7083     0.7121         24
